 #	time	total energy	potential energy	kinetic energy	temperature	pressure	mean square displacement/6
   0.0000000000000000        1.4398213938615707E-004   0.0000000000000000        1.4398213938615707E-004   1.0063163928738166       -1.0887806630823343E-005   9.6188020185825753E-007
   100.00000000000000        1.9837151722354489        1.9836509172851529        6.4254950296069535E-005  0.44908910286996179       -1.0330131394528368E-005   3.3968278072250808E-004
   200.00000000000000        1.9837821253577821        1.9837490964832241        3.3028874557950388E-005  0.23084458980496281       -8.7401461776417271E-006   4.6912018367160267E-004
   300.00000000000000        1.9835684877958426        1.9834878713032182        8.0616492624284818E-005  0.56344278817966109       -9.1785225094603316E-006   4.3872933159351605E-004
   400.00000000000000        1.9836232657589423        1.9835513348812441        7.1930877698233683E-005  0.50273750404137652       -9.5621988560136997E-006   4.1328518392843184E-004
   500.00000000000000        1.9838506672320002        1.9837669934929516        8.3673739048508979E-005  0.58481041896267350       -9.4695616023647597E-006   3.9817986164829468E-004
   600.00000000000000        1.9844839849265727        1.9844137341255705        7.0250801002128192E-005  0.49099515372081459       -9.6497907235923842E-006   4.2574982702216939E-004
   700.00000000000000        1.9846500785179508        1.9845885402886927        6.1538229258191362E-005  0.43010146366042229       -9.2388551131179560E-006   4.4215536310510161E-004
   800.00000000000000        1.9843464797447821        1.9842628003006912        8.3679444090928646E-005  0.58485029250347120       -9.4824061679280890E-006   4.2065361503831726E-004
   900.00000000000000        1.9844173420504123        1.9843512985866802        6.6043463732025590E-005  0.46158933655971546       -9.5820870130370436E-006   4.3148726788219238E-004
   1000.0000000000000        1.9843206192368081        1.9842475597302158        7.3059506592397256E-005  0.51062568907953443       -9.3334721639678398E-006   4.2460869694313199E-004
   1100.0000000000000        1.9842184981649946        1.9841391922146150        7.9305950379576429E-005  0.55428317886960177       -9.6240054379054408E-006   4.1924937930859095E-004
   1200.0000000000000        1.9840148518825813        1.9839494519681289        6.5399914452522794E-005  0.45709145791763678       -9.4729703454164599E-006   4.3522147067023061E-004
   1300.0000000000000        1.9840940554262574        1.9840185366206755        7.5518805581978218E-005  0.52781416050206198       -9.4272057152409468E-006   4.2964452431279562E-004
   1400.0000000000000        1.9840216540333535        1.9839515361773379        7.0117856015691036E-005  0.49006597792322981       -9.5476738686202930E-006   4.2806507974560632E-004
   1500.0000000000000        1.9838977562699713        1.9838249538663522        7.2802403619239307E-005  0.50882875136456174       -9.4092462503915981E-006   4.1947546278926052E-004
   1600.0000000000000        1.9841416624340547        1.9840627249789873        7.8937455067401127E-005  0.55170770058514162       -9.5795121375442083E-006   4.1380109431045836E-004
   1700.0000000000000        1.9840078362891704        1.9839414640789175        6.6372210253050926E-005  0.46388700358021151       -9.4876956364863101E-006   4.2833403418348823E-004
   1800.0000000000000        1.9838780174265636        1.9838053464205065        7.2671006056989324E-005  0.50791039078567646       -9.3728048691068228E-006   4.2412205336825933E-004
   1900.0000000000000        1.9843530823044300        1.9842773479406783        7.5734363751641157E-005  0.52932073430819160       -9.5408793147669719E-006   4.1699598285675646E-004
   2000.0000000000000        1.9844336896261601        1.9843637992822967        6.9890343863300623E-005  0.48847585563789242       -9.4741034166131563E-006   4.2014145625464481E-004
   2100.0000000000000        1.9843897595097111        1.9843160473556130        7.3712154098192812E-005  0.51518715681886862       -9.4476123556016128E-006   4.1592219452810239E-004
   2200.0000000000000        1.9843595516858012        1.9842860910219413        7.3460663859950293E-005  0.51342944749137742       -9.5079361548629924E-006   4.1383935223755254E-004
   2300.0000000000000        1.9842041050101440        1.9841322280743818        7.1876935762250836E-005  0.50236049440202601       -9.4667899249231990E-006   4.1661853101194904E-004
   2400.0000000000000        1.9837451264357882        1.9836722610250748        7.2865410713305218E-005  0.50926911898165772       -9.4606197747322723E-006   4.1754359468039286E-004
   2500.0000000000000        1.9837801552484953        1.9837078015861331        7.2353662362061619E-005  0.50569242011415860       -9.4609116019793001E-006   4.1763877160796325E-004
   2600.0000000000000        1.9837500170819522        1.9836765532825631        7.3463799389000237E-005  0.51345136225314403       -9.4573285785227881E-006   4.1670730538303558E-004
   2700.0000000000000        1.9834868921626203        1.9834133609573708        7.3531205249523403E-005  0.51392247361952192       -9.4753171995193989E-006   4.1975391472462740E-004
   2800.0000000000000        1.9838213043581199        1.9837503205654270        7.0983792692941297E-005  0.49611816104276607       -9.4431861241065471E-006   4.2704130831379194E-004
   2900.0000000000000        1.9837784140901304        1.9837067575822112        7.1656507919196089E-005  0.50081988559556223       -9.4200686256756899E-006   4.2703344146596470E-004
   3000.0000000000000        1.9839068993258573        1.9838339389410378        7.2960384819476340E-005  0.50993290964587490       -9.4587441779971876E-006   4.2147188335565959E-004
   3100.0000000000000        1.9840088032278511        1.9839371362427352        7.1666985115916414E-005  0.50089311255868407       -9.4650946437028920E-006   4.1863736760314380E-004
   3200.0000000000000        1.9846114735498390        1.9845385478066777        7.2925743161406692E-005  0.50969079302960263       -9.4652141592654981E-006   4.1158809947217339E-004
   3300.0000000000000        1.9846794406016506        1.9846063137932497        7.3126808400834505E-005  0.51109607320765760       -9.4906693183086041E-006   4.0361145983807989E-004
   3400.0000000000000        1.9847658483248933        1.9846927506424046        7.3097682488765787E-005  0.51089250710635425       -9.4789087922868212E-006   3.9918863633630941E-004
   3500.0000000000000        1.9846454160105040        1.9845709046761322        7.4511334371878281E-005  0.52077276774047154       -9.5024460507621999E-006   3.9968048510292405E-004
   3600.0000000000000        1.9842720066264450        1.9841989133158968        7.3093310548171217E-005  0.51086195084772557       -9.4989031494261644E-006   4.0657534284487337E-004
   3700.0000000000000        1.9845442451163302        1.9844727226427499        7.1522473580435390E-005  0.49988309612377130       -9.4558394351833091E-006   4.1691152025356289E-004
   3800.0000000000000        1.9842447264389971        1.9841752979145129        6.9428524484254299E-005  0.48524811910291354       -9.4212559782358564E-006   4.2117986706992485E-004
   3900.0000000000000        1.9841558309585596        1.9840836246213482        7.2206337211385178E-005  0.50466273882979673       -9.4015664029586454E-006   4.1153799644720509E-004
   4000.0000000000000        1.9839450079438417        1.9838692247570415        7.5783186800215340E-005  0.52966196714679048       -9.4786667377245650E-006   4.0026720562109133E-004
   4100.0000000000000        1.9836903931400038        1.9836172086309358        7.3184509068022785E-005  0.51149935327780283       -9.4848130727369265E-006   4.0192187973260514E-004
   4200.0000000000000        1.9840012667060807        1.9839280149840610        7.3251722019763307E-005  0.51196911637090792       -9.4596336715101060E-006   4.0856163792272565E-004
   4300.0000000000000        1.9839685328957579        1.9838970335893715        7.1499306386383062E-005  0.49972117654644632       -9.4728194432545187E-006   4.1693433468088483E-004
   4400.0000000000000        1.9840521538614260        1.9839827131351342        6.9440726291829100E-005  0.48533339967338962       -9.4232627580610057E-006   4.1892959481643375E-004
   4500.0000000000000        1.9840067603925424        1.9839329305946514        7.3829797891080721E-005  0.51600938989449652       -9.4462923652625868E-006   4.0961305759728276E-004
   4600.0000000000000        1.9844499744437070        1.9843736018606186        7.6372583088277823E-005  0.53378136104595686       -9.5384787376620999E-006   4.0395995612092490E-004
   4700.0000000000000        1.9847374088789709        1.9846642808264001        7.3128052570718824E-005  0.51110476892891465       -9.5267552287019538E-006   4.1449853784889570E-004
   4800.0000000000000        1.9845357335701397        1.9844662322997793        6.9501270360328849E-005  0.48575655277336660       -9.4464121368537743E-006   4.2665013757630754E-004
   4900.0000000000000        1.9843604094794498        1.9842899519509543        7.0457528495596007E-005  0.49244000838418667       -9.4141356920766257E-006   4.2649111190897160E-004
   5000.0000000000000        1.9840751615051730        1.9840019723522726        7.3189152900544256E-005  0.51153180983673474       -9.4447689293388462E-006   4.1728366197824052E-004
   5100.0000000000000        1.9839445358441923        1.9838688941225981        7.5641721594151581E-005  0.52867324204178678       -9.4947842343573373E-006   4.0971876017998791E-004
   5200.0000000000000        1.9841434809038423        1.9840694254287181        7.4055475124126818E-005  0.51758668760712190       -9.5292249263535094E-006   4.1578387681454613E-004
   5300.0000000000000        1.9838370330230142        1.9837692572484928        6.7775774521388791E-005  0.47369676010766681       -9.4386109715652545E-006   4.2505463864612536E-004
   5400.0000000000000        1.9836039404712325        1.9835320566140955        7.1883857136970141E-005  0.50240886910232530       -9.3881979030294817E-006   4.1618220889206312E-004
   5500.0000000000000        1.9839838407939177        1.9839062838244990        7.7556969418750516E-005  0.54205924457325860       -9.5229148460320608E-006   4.0422875236007107E-004
   5600.0000000000000        1.9845471844348117        1.9844743258945849        7.2858540226656147E-005  0.50922109994699516       -9.5251477953687705E-006   4.1163707052406013E-004
   5700.0000000000000        1.9844423721921955        1.9843710553411600        7.1316851035662521E-005  0.49844596414037706       -9.4377354533311747E-006   4.2253326025410245E-004
   5800.0000000000000        1.9847033654899513        1.9846317990552018        7.1566434749503269E-005  0.50019034843486698       -9.4493207454312766E-006   4.2656436667882027E-004
   5900.0000000000000        1.9846308873467708        1.9845592992706467        7.1588076124210593E-005  0.50034160379351877       -9.4346946018153741E-006   4.2490852841562315E-004
   6000.0000000000000        1.9844360515637434        1.9843607013107476        7.5350252995757036E-005  0.52663611695236345       -9.4730017898514030E-006   4.2190278267846667E-004
   6100.0000000000000        1.9839702806360231        1.9838988459559503        7.1434680072750888E-005  0.49926949192017028       -9.4889424596109122E-006   4.2862162082858067E-004
   6200.0000000000000        1.9840160472628545        1.9839462572865101        6.9789976344505046E-005  0.48777436946810315       -9.3981792392932808E-006   4.2951215732556783E-004
   6300.0000000000000        1.9843189195178788        1.9842428627482587        7.6056769620046937E-005  0.53157408539686590       -9.4676419915181090E-006   4.1976623428049753E-004
   6400.0000000000000        1.9843835117682660        1.9843114903407120        7.2021427554059858E-005  0.50337037284495678       -9.5218551939346998E-006   4.2166952841419110E-004
   6500.0000000000000        1.9841093801748382        1.9840390249165760        7.0355258262139552E-005  0.49172522380834255       -9.4180603724099812E-006   4.2260691699023446E-004
   6600.0000000000000        1.9838799194430281        1.9838041689673640        7.5750475664088045E-005  0.52943334328653413       -9.4804842422816024E-006   4.1483473814212603E-004
   6700.0000000000000        1.9838307234439021        1.9837592511952489        7.1472248653225989E-005  0.49953206530983008       -9.5069969605027816E-006   4.1811926869688646E-004
   6800.0000000000000        1.9834440907832938        1.9833719064680411        7.2184315252750620E-005  0.50450882350341231       -9.4382974222095823E-006   4.1857514137274172E-004
   6900.0000000000000        1.9834968542430857        1.9834227948423333        7.4059400752452277E-005  0.51761412451112321       -9.5071813026076389E-006   4.1682843854024297E-004
   7000.0000000000000        1.9837511228422817        1.9836818649892092        6.9257853072563318E-005  0.48405526671086146       -9.4601314016639037E-006   4.1820143701930279E-004
   7100.0000000000000        1.9841653036250779        1.9840890794419599        7.6224183117988553E-005  0.53274416765904953       -9.4455785297230461E-006   4.0907811714550006E-004
   7200.0000000000000        1.9841651361137549        1.9840896902645901        7.5445849164785709E-005  0.52730425532285596       -9.5643409749598237E-006   4.1420944426046345E-004
   7300.0000000000000        1.9841961943099387        1.9841294951283086        6.6699181630082522E-005  0.46617226380839127       -9.4314995066967049E-006   4.2985531483205429E-004
   7400.0000000000000        1.9841457956231903        1.9840734353103344        7.2360312855838043E-005  0.50573890158009904       -9.3877972100642356E-006   4.2206033329447062E-004
   7500.0000000000000        1.9842889401970440        1.9842155580252592        7.3382171784938985E-005  0.51288085263001959       -9.4927155436553383E-006   4.0994030797094060E-004
   7600.0000000000000        1.9843309363618058        1.9842579999421928        7.2936419613040326E-005  0.50976541262021613       -9.4597191034070974E-006   4.0148927715642307E-004
   7700.0000000000000        1.9844245487664791        1.9843497792338776        7.4769532601495718E-005  0.52257736039469072       -9.4928676695218652E-006   3.9703028129625315E-004
   7800.0000000000000        1.9843469536847098        1.9842741597351190        7.2793949590752214E-005  0.50876966467861129       -9.4804726313837445E-006   3.9911531461164388E-004
   7900.0000000000000        1.9838376437819816        1.9837624639346312        7.5179847350405533E-005  0.52544512204781113       -9.4800301430255970E-006   4.0553019454048526E-004
   8000.0000000000000        1.9839168303739272        1.9838480869992821        6.8743374645215637E-005  0.48045948686325568       -9.4695403083242169E-006   4.2111472692273928E-004
   8100.0000000000000        1.9842352657969160        1.9841661494571785        6.9116339737554733E-005  0.48306620522423188       -9.3403891879421143E-006   4.1915846699956666E-004
   8200.0000000000000        1.9837591873693508        1.9836801533736059        7.9033995744896558E-005  0.55238244029075367       -9.4720646128451206E-006   4.0383185521916415E-004
   8300.0000000000000        1.9836435633291287        1.9835728229597380        7.0740369390718050E-005  0.49441683294416244       -9.5158495627864578E-006   4.1272195113009407E-004
   8400.0000000000000        1.9841233318006912        1.9840532819812515        7.0049819439641094E-005  0.48959045837555565       -9.3669356469270369E-006   4.1505859157233880E-004
   8500.0000000000000        1.9843451731384989        1.9842696421158588        7.5531022640030183E-005  0.52789954766079428       -9.4697535303574082E-006   4.0753241326856271E-004
   8600.0000000000000        1.9841780151003665        1.9841075430631971        7.0472037169351146E-005  0.49254141204648050       -9.4667541195673484E-006   4.0953203048229382E-004
   8700.0000000000000        1.9845768208758578        1.9845021376090208        7.4683266837081093E-005  0.52197443385641085       -9.4319423339552791E-006   4.0612214549058819E-004
   8800.0000000000000        1.9843137841024254        1.9842401311009497        7.3653001475712464E-005  0.51477372877885463       -9.5129425646746023E-006   4.0893562738962601E-004
   8900.0000000000000        1.9845375348630045        1.9844679985250318        6.9536337972805266E-005  0.48600164645960026       -9.4328556552514753E-006   4.1695943310587544E-004
   9000.0000000000000        1.9843112037309296        1.9842370408445131        7.4162886416415813E-005  0.51833740394368277       -9.4408224133334872E-006   4.1292949138173552E-004
   9100.0000000000000        1.9839636037946173        1.9838912368641295        7.2366930487906619E-005  0.50578515336980723       -9.4898419323848463E-006   4.1219550901181167E-004
   9200.0000000000000        1.9835993077277698        1.9835269818528509        7.2325874918823828E-005  0.50549820880596819       -9.4438578623153717E-006   4.1268284664270846E-004
   9300.0000000000000        1.9835148223389927        1.9834404231968970        7.4399142095680197E-005  0.51998863626990655       -9.4896151283367307E-006   4.1148888368858574E-004
   9400.0000000000000        1.9835072205353508        1.9834346404490797        7.2580086271142180E-005  0.50727493647638067       -9.4909712947560681E-006   4.1753943690556097E-004
   9500.0000000000000        1.9836284326411817        1.9835549165041255        7.3516137056237960E-005  0.51381715937722228       -9.4808850429565898E-006   4.2446191456496098E-004
   9600.0000000000000        1.9836794025716662        1.9836092660993361        7.0136472330147956E-005  0.49019609060590530       -9.4690854320852431E-006   4.3335702313113166E-004
   9700.0000000000000        1.9839527134629074        1.9838819174777587        7.0795985148729617E-005  0.49480554121886761       -9.4114507496910463E-006   4.3260005205928012E-004
   9800.0000000000000        1.9842849852169984        1.9842093350805385        7.5650136459914544E-005  0.52873205501259835       -9.4829703739229827E-006   4.2407612889457975E-004
   9900.0000000000000        1.9845695656203821        1.9844964456660761        7.3119954305931060E-005  0.51104816873777636       -9.5131549639427113E-006   4.2659324389993471E-004
   10000.000000000000        1.9845434080210655        1.9844713290444218        7.2078976643770369E-005  0.50377259351355885       -9.4694480393809969E-006   4.3220123643271781E-004
 # The heat capacity is:  -2.0160863244668978E-010 , the mean temperature is:  0.50013210185427437      , the maximum temperature is:  0.58485029250347120      , the minimum temperature is:  0.23084458980496281     
