   4.7340000000000004E-003   0.0000000000000000
   7.8900000000000012E-003   0.0000000000000000
   1.1046000000000002E-002   0.0000000000000000
   1.4201999999999999E-002   0.0000000000000000
   1.7358000000000002E-002   0.0000000000000000
   2.0514000000000001E-002   0.0000000000000000
   2.3670000000000000E-002   0.0000000000000000
   2.6825999999999999E-002   0.0000000000000000
   2.9982000000000002E-002   0.0000000000000000
   3.3138000000000001E-002   0.0000000000000000
   3.6294000000000007E-002   0.0000000000000000
   3.9450000000000006E-002   0.0000000000000000
   4.2606000000000005E-002   0.0000000000000000
   4.5761999999999997E-002   0.0000000000000000
   4.8917999999999996E-002   0.0000000000000000
   5.2074000000000002E-002   0.0000000000000000
   5.5230000000000001E-002   0.0000000000000000
   5.8386000000000000E-002   0.0000000000000000
   6.1541999999999999E-002   0.0000000000000000
   6.4698000000000006E-002   0.0000000000000000
   6.7853999999999998E-002   0.0000000000000000
   7.1010000000000004E-002   0.0000000000000000
   7.4165999999999996E-002   0.0000000000000000
   7.7322000000000002E-002   0.0000000000000000
   8.0478000000000008E-002   0.0000000000000000
   8.3634000000000000E-002   0.0000000000000000
   8.6790000000000006E-002   0.0000000000000000
   8.9945999999999998E-002   0.0000000000000000
   9.3102000000000004E-002   0.0000000000000000
   9.6258000000000010E-002   0.0000000000000000
   9.9414000000000002E-002   0.0000000000000000
  0.10257000000000001        0.0000000000000000
  0.10572600000000000        0.0000000000000000
  0.10888200000000001        0.0000000000000000
  0.11203800000000001        0.0000000000000000
  0.11519400000000000        0.0000000000000000
  0.11835000000000001        0.0000000000000000
  0.12150600000000000        0.0000000000000000
  0.12466200000000001        0.0000000000000000
  0.12781800000000001        0.0000000000000000
  0.13097400000000001        0.0000000000000000
  0.13413000000000000        0.0000000000000000
  0.13728599999999999        0.0000000000000000
  0.14044200000000001        0.0000000000000000
  0.14359800000000000        0.0000000000000000
  0.14675400000000002        0.0000000000000000
  0.14990999999999999        0.0000000000000000
  0.15306600000000001        0.0000000000000000
  0.15622200000000000        0.0000000000000000
  0.15937800000000002        0.0000000000000000
  0.16253400000000001        0.0000000000000000
  0.16569000000000000        0.0000000000000000
  0.16884600000000000        0.0000000000000000
  0.17200200000000002        0.0000000000000000
  0.17515800000000001        0.0000000000000000
  0.17831400000000003        0.0000000000000000
  0.18146999999999999        0.0000000000000000
  0.18462600000000001        0.0000000000000000
  0.18778200000000000        0.0000000000000000
  0.19093800000000002        0.0000000000000000
  0.19409400000000002        0.0000000000000000
  0.19725000000000001        0.0000000000000000
  0.20040600000000000        0.0000000000000000
  0.20356200000000002        0.0000000000000000
  0.20671800000000001        0.0000000000000000
  0.20987400000000000        0.0000000000000000
  0.21303000000000000        0.0000000000000000
  0.21618600000000002        0.0000000000000000
  0.21934200000000001        0.0000000000000000
  0.22249800000000003        0.0000000000000000
  0.22565399999999999        0.0000000000000000
  0.22881000000000001        0.0000000000000000
  0.23196600000000001        0.0000000000000000
  0.23512200000000003        0.0000000000000000
  0.23827800000000002        0.0000000000000000
  0.24143400000000001        0.0000000000000000
  0.24459000000000000        0.0000000000000000
  0.24774600000000002        0.0000000000000000
  0.25090200000000001        0.0000000000000000
  0.25405800000000001        0.0000000000000000
  0.25721400000000000        0.0000000000000000
  0.26036999999999999        0.0000000000000000
  0.26352600000000004        0.0000000000000000
  0.26668200000000003        0.0000000000000000
  0.26983800000000002        0.0000000000000000
  0.27299400000000001        0.0000000000000000
  0.27615000000000001        0.0000000000000000
  0.27930600000000005        0.0000000000000000
  0.28246199999999999        0.0000000000000000
  0.28561799999999998        0.0000000000000000
  0.28877399999999998        0.0000000000000000
  0.29193000000000002        0.0000000000000000
  0.29508600000000001        0.0000000000000000
  0.29824200000000001        0.0000000000000000
  0.30139800000000000        0.0000000000000000
  0.30455400000000005        0.0000000000000000
  0.30771000000000004        0.0000000000000000
  0.31086599999999998        0.0000000000000000
  0.31402199999999997        0.0000000000000000
  0.31717800000000002        0.0000000000000000
  0.32033400000000001        0.0000000000000000
  0.32349000000000000        0.0000000000000000
  0.32664599999999999        0.0000000000000000
  0.32980200000000004        0.0000000000000000
  0.33295800000000003        0.0000000000000000
  0.33611400000000002        0.0000000000000000
  0.33927000000000002        0.0000000000000000
  0.34242600000000001        0.0000000000000000
  0.34558200000000000        0.0000000000000000
  0.34873799999999999        0.0000000000000000
  0.35189399999999998        0.0000000000000000
  0.35505000000000003        0.0000000000000000
  0.35820600000000002        0.0000000000000000
  0.36136200000000002        0.0000000000000000
  0.36451800000000001        0.0000000000000000
  0.36767400000000006       0.26875743883958864
  0.37083000000000005        19.352821257809449
  0.37398599999999999        50.588662736507239
  0.37714199999999998        8.5569988409994231
  0.38029800000000002       0.12560543418690492
  0.38345400000000002        0.0000000000000000
  0.38661000000000001        0.0000000000000000
  0.38976600000000000        0.0000000000000000
  0.39292200000000005        0.0000000000000000
  0.39607800000000004        0.0000000000000000
  0.39923400000000003        0.0000000000000000
  0.40239000000000003        0.0000000000000000
  0.40554600000000002        0.0000000000000000
  0.40870200000000001        0.0000000000000000
  0.41185800000000000        0.0000000000000000
  0.41501399999999999        0.0000000000000000
  0.41817000000000004        0.0000000000000000
  0.42132600000000003        0.0000000000000000
  0.42448200000000003        0.0000000000000000
  0.42763800000000002        0.0000000000000000
  0.43079400000000007        0.0000000000000000
  0.43395000000000006        0.0000000000000000
  0.43710599999999999        0.0000000000000000
  0.44026199999999999        0.0000000000000000
  0.44341799999999998        0.0000000000000000
  0.44657400000000003        0.0000000000000000
  0.44973000000000002        0.0000000000000000
  0.45288600000000001        0.0000000000000000
  0.45604200000000000        0.0000000000000000
  0.45919800000000005        0.0000000000000000
  0.46235400000000004        0.0000000000000000
  0.46551000000000003        0.0000000000000000
  0.46866599999999997        0.0000000000000000
  0.47182200000000002        0.0000000000000000
  0.47497800000000001        0.0000000000000000
  0.47813400000000000        0.0000000000000000
  0.48129000000000000        0.0000000000000000
  0.48444600000000004        0.0000000000000000
  0.48760200000000004        0.0000000000000000
  0.49075800000000003        0.0000000000000000
  0.49391400000000002        0.0000000000000000
  0.49707000000000007        0.0000000000000000
  0.50022599999999995        0.0000000000000000
  0.50338200000000000        0.0000000000000000
  0.50653800000000004        0.0000000000000000
  0.50969399999999998        0.0000000000000000
  0.51285000000000003        0.0000000000000000
  0.51600599999999996        0.0000000000000000
  0.51916200000000001        0.0000000000000000
  0.52231799999999995       0.69916068132875997
  0.52547400000000000        7.4999796592662635
  0.52863000000000004        9.2308660105672953
  0.53178600000000009        2.3446433735571270
  0.53494200000000003        0.0000000000000000
  0.53809800000000008        0.0000000000000000
  0.54125400000000001        0.0000000000000000
  0.54440999999999995        0.0000000000000000
  0.54756600000000000        0.0000000000000000
  0.55072199999999993        0.0000000000000000
  0.55387800000000009        0.0000000000000000
  0.55703400000000003        0.0000000000000000
  0.56019000000000008        0.0000000000000000
  0.56334600000000001        0.0000000000000000
  0.56650200000000006        0.0000000000000000
  0.56965800000000000        0.0000000000000000
  0.57281400000000005        0.0000000000000000
  0.57596999999999998        0.0000000000000000
  0.57912600000000003        0.0000000000000000
  0.58228200000000008        0.0000000000000000
  0.58543800000000001        0.0000000000000000
  0.58859400000000006        0.0000000000000000
  0.59175000000000000        0.0000000000000000
  0.59490600000000005        0.0000000000000000
  0.59806199999999998        0.0000000000000000
  0.60121800000000003        0.0000000000000000
  0.60437400000000008        0.0000000000000000
  0.60753000000000001        0.0000000000000000
  0.61068600000000006        0.0000000000000000
  0.61384200000000000        0.0000000000000000
  0.61699800000000005        0.0000000000000000
  0.62015399999999998        0.0000000000000000
  0.62331000000000003        0.0000000000000000
  0.62646599999999997        0.0000000000000000
  0.62962200000000013        0.0000000000000000
  0.63277800000000006        0.0000000000000000
  0.63593400000000011        0.0000000000000000
  0.63909000000000005       0.33357641819246003
  0.64224599999999998        8.0594685343873795
  0.64540200000000003        30.266137151141319
  0.64855799999999997        13.258637028794784
  0.65171400000000002       0.87679469956790335
  0.65486999999999995        0.0000000000000000
  0.65802600000000011        0.0000000000000000
  0.66118200000000005        0.0000000000000000
  0.66433800000000010        0.0000000000000000
  0.66749400000000003        0.0000000000000000
  0.67064999999999997        0.0000000000000000
  0.67380600000000002        0.0000000000000000
  0.67696199999999995        0.0000000000000000
  0.68011800000000000        0.0000000000000000
  0.68327400000000005        0.0000000000000000
  0.68643000000000010        0.0000000000000000
  0.68958600000000003        0.0000000000000000
  0.69274200000000008        0.0000000000000000
  0.69589800000000002        0.0000000000000000
  0.69905400000000006        0.0000000000000000
  0.70221000000000000        0.0000000000000000
  0.70536599999999994        0.0000000000000000
  0.70852200000000010        0.0000000000000000
  0.71167800000000003        0.0000000000000000
  0.71483400000000008        0.0000000000000000
  0.71799000000000002        0.0000000000000000
  0.72114600000000006        0.0000000000000000
  0.72430200000000000        0.0000000000000000
  0.72745800000000005        0.0000000000000000
  0.73061399999999999        0.0000000000000000
  0.73377000000000003        0.0000000000000000
  0.73692600000000008        1.6725556862373720E-002
  0.74008200000000002       0.38141388889005523
  0.74323800000000007        7.0867940910422291
  0.74639400000000000        10.320382473118647
  0.74955000000000005        1.9400297786711060
  0.75270599999999999        6.4126510499636857E-002
  0.75586200000000003        0.0000000000000000
  0.75901800000000008        0.0000000000000000
  0.76217400000000002        0.0000000000000000
  0.76533000000000007        0.0000000000000000
  0.76848600000000000        0.0000000000000000
  0.77164200000000005        0.0000000000000000
  0.77479799999999999        0.0000000000000000
  0.77795400000000003        0.0000000000000000
  0.78110999999999997        0.0000000000000000
  0.78426600000000013        0.0000000000000000
  0.78742200000000007        0.0000000000000000
  0.79057800000000011        0.0000000000000000
  0.79373400000000005        0.0000000000000000
  0.79688999999999999        0.0000000000000000
  0.80004600000000003        0.0000000000000000
  0.80320199999999997        0.0000000000000000
  0.80635800000000002        0.0000000000000000
  0.80951399999999996        0.0000000000000000
  0.81267000000000011        0.0000000000000000
  0.81582600000000005        0.0000000000000000
  0.81898200000000010        0.0000000000000000
  0.82213800000000004        0.0000000000000000
  0.82529399999999997        0.0000000000000000
  0.82845000000000002        1.7336729563771722
  0.83160599999999996        14.171463549130355
  0.83476200000000000        13.543119084247218
  0.83791800000000005        2.2509958988209808
  0.84107400000000010        1.2839853939408181E-002
  0.84423000000000004        0.0000000000000000
  0.84738600000000008        0.0000000000000000
  0.85054200000000002        0.0000000000000000
  0.85369800000000007        0.0000000000000000
  0.85685400000000000        0.0000000000000000
  0.86000999999999994        0.0000000000000000
  0.86316600000000010        0.0000000000000000
  0.86632200000000004        0.0000000000000000
  0.86947800000000008        0.0000000000000000
  0.87263400000000002        0.0000000000000000
  0.87579000000000007        0.0000000000000000
  0.87894600000000001        0.0000000000000000
  0.88210200000000005        0.0000000000000000
  0.88525799999999999        0.0000000000000000
  0.88841400000000004        0.0000000000000000
  0.89157000000000008        0.0000000000000000
  0.89472600000000002        0.0000000000000000
  0.89788200000000007        0.0000000000000000
  0.90103800000000001        0.0000000000000000
  0.90419400000000005        0.0000000000000000
  0.90734999999999999       0.33097877064970410
  0.91050600000000004        3.3197515199233005
  0.91366200000000009        4.1455525758410987
  0.91681800000000002        1.0049518776464645
  0.91997400000000007        1.0731921210856407E-002
  0.92313000000000001        0.0000000000000000
  0.92628600000000005        0.0000000000000000
  0.92944199999999999        0.0000000000000000
  0.93259800000000004        0.0000000000000000
  0.93575399999999997        0.0000000000000000
  0.93891000000000013        0.0000000000000000
  0.94206600000000007        0.0000000000000000
  0.94522200000000012        0.0000000000000000
  0.94837800000000005        0.0000000000000000
  0.95153399999999999        0.0000000000000000
  0.95469000000000004        0.0000000000000000
  0.95784599999999998        0.0000000000000000
  0.96100200000000002        0.0000000000000000
  0.96415800000000007        0.0000000000000000
  0.96731400000000012        0.0000000000000000
  0.97047000000000005        0.0000000000000000
  0.97362600000000010        0.0000000000000000
  0.97678200000000004        0.0000000000000000
  0.97993799999999998       0.94586996528998712
  0.98309400000000002        14.115896891003480
  0.98624999999999996        23.783926315607378
  0.98940600000000001        6.2630133002296819
  0.99256200000000006       0.22127104961527169
  0.99571800000000010        0.0000000000000000
  0.99887400000000004        0.0000000000000000
   1.0020300000000000        0.0000000000000000
   1.0051860000000001        0.0000000000000000
   1.0083420000000001        0.0000000000000000
   1.0114980000000000        0.0000000000000000
   1.0146539999999999        0.0000000000000000
   1.0178100000000001        0.0000000000000000
   1.0209660000000000        0.0000000000000000
   1.0241220000000000        0.0000000000000000
   1.0272779999999999        0.0000000000000000
   1.0304340000000001        0.0000000000000000
   1.0335900000000002        0.0000000000000000
   1.0367460000000002        0.0000000000000000
   1.0399020000000001        0.0000000000000000
   1.0430580000000000        0.0000000000000000
   1.0462140000000000        0.0000000000000000
   1.0493700000000001       0.51965120959871625
   1.0525260000000001        2.4597120715934295
   1.0556820000000000        1.8174702685833981
   1.0588379999999999       0.16203157176790420
   1.0619940000000001        0.0000000000000000
   1.0651500000000000        0.0000000000000000
   1.0683060000000000        0.0000000000000000
   1.0714619999999999        0.0000000000000000
   1.0746179999999999        0.0000000000000000
   1.0777740000000000        0.0000000000000000
   1.0809300000000002        0.0000000000000000
   1.0840860000000001        0.0000000000000000
   1.0872420000000000        0.0000000000000000
   1.0903980000000002        0.0000000000000000
   1.0935540000000001        0.0000000000000000
   1.0967100000000001        0.0000000000000000
   1.0998660000000000        0.0000000000000000
   1.1030220000000002        0.0000000000000000
   1.1061780000000001        0.0000000000000000
   1.1093340000000000        7.3808107207145217E-003
   1.1124900000000000        1.5999005194346054
   1.1156459999999999        11.048460541955667
   1.1188020000000001        11.537703577082722
   1.1219580000000000        2.2152048760422112
   1.1251139999999999        4.3051364115452274E-002
   1.1282699999999999        0.0000000000000000
   1.1314260000000003        0.0000000000000000
   1.1345820000000002        0.0000000000000000
   1.1377380000000001        0.0000000000000000
   1.1408940000000001        0.0000000000000000
   1.1440500000000000        0.0000000000000000
   1.1472060000000002        0.0000000000000000
   1.1503620000000001        0.0000000000000000
   1.1535180000000000        0.0000000000000000
   1.1566740000000000        0.0000000000000000
   1.1598300000000001        0.0000000000000000
   1.1629860000000001        0.0000000000000000
   1.1661420000000000        0.0000000000000000
   1.1692979999999999        6.6432153568211682E-003
   1.1724539999999999       0.68717992007482365
   1.1756100000000000        5.7374174297768539
   1.1787660000000000        7.6416661303894902
   1.1819219999999999        1.7100423502213258
   1.1850780000000001        9.0544675379751707E-002
   1.1882340000000002        0.0000000000000000
   1.1913900000000002        0.0000000000000000
   1.1945460000000001        0.0000000000000000
   1.1977020000000000        0.0000000000000000
   1.2008580000000000        0.0000000000000000
   1.2040140000000001        0.0000000000000000
   1.2071700000000001        0.0000000000000000
   1.2103260000000000        0.0000000000000000
   1.2134819999999999        0.0000000000000000
   1.2166380000000001        0.0000000000000000
   1.2197940000000000        0.0000000000000000
   1.2229500000000000        0.0000000000000000
   1.2261059999999999        0.0000000000000000
   1.2292619999999999       0.30655615004186049
   1.2324180000000000        4.1263094708133172
   1.2355740000000002        7.5739015299541643
   1.2387300000000001        2.2907960608611795
   1.2418860000000000       0.13545440989238797
   1.2450420000000002        0.0000000000000000
   1.2481980000000001        0.0000000000000000
   1.2513540000000001        0.0000000000000000
   1.2545100000000000        0.0000000000000000
   1.2576660000000002        0.0000000000000000
   1.2608220000000001        0.0000000000000000
   1.2639780000000000        0.0000000000000000
   1.2671340000000000        0.0000000000000000
   1.2702899999999999        0.0000000000000000
   1.2734460000000001        0.0000000000000000
   1.2766020000000000        0.0000000000000000
   1.2797580000000000        0.0000000000000000
   1.2829139999999999        6.6223929525110775E-002
   1.2860700000000003        1.6914154454950583
   1.2892260000000002        6.9457033650082165
   1.2923820000000001        4.0894493377664931
   1.2955380000000001       0.43834241995829826
   1.2986940000000000        0.0000000000000000
   1.3018500000000002        0.0000000000000000
   1.3050060000000001        0.0000000000000000
   1.3081620000000000        0.0000000000000000
   1.3113180000000000        0.0000000000000000
   1.3144740000000001        0.0000000000000000
   1.3176300000000001        0.0000000000000000
   1.3207860000000000        0.0000000000000000
   1.3239420000000000        0.0000000000000000
   1.3270979999999999        0.0000000000000000
   1.3302540000000000        0.0000000000000000
   1.3334100000000000        0.0000000000000000
   1.3365659999999999       0.53387217660457464
   1.3397220000000001        9.3468726421920394
   1.3428780000000002        20.041472638154147
   1.3460340000000002        6.3818288565089585
   1.3491900000000001       0.33930596629197712
   1.3523460000000000        0.0000000000000000
   1.3555020000000000        0.0000000000000000
   1.3586580000000001        0.0000000000000000
   1.3618140000000001        0.0000000000000000
   1.3649700000000000        0.0000000000000000
   1.3681260000000000        0.0000000000000000
   1.3712820000000001        0.0000000000000000
   1.3744380000000000        0.0000000000000000
   1.3775940000000000        0.0000000000000000
   1.3807499999999999        0.0000000000000000
   1.3839059999999999        0.0000000000000000
   1.3870620000000000        0.0000000000000000
   1.3902180000000002        0.0000000000000000
   1.3933740000000001        0.0000000000000000
   1.3965300000000000        0.0000000000000000
   1.3996860000000002        0.0000000000000000
   1.4028420000000001        0.0000000000000000
   1.4059980000000001        0.0000000000000000
   1.4091540000000000        0.0000000000000000
   1.4123100000000002        0.0000000000000000
   1.4154660000000001        0.0000000000000000
   1.4186220000000000        0.0000000000000000
   1.4217780000000000        0.0000000000000000
   1.4249339999999999        0.0000000000000000
   1.4280900000000001        0.0000000000000000
   1.4312460000000000        0.0000000000000000
   1.4344020000000000        5.2974676763353545E-002
   1.4375579999999999        1.6833594316809448
   1.4407140000000003        9.8371566934230135
   1.4438700000000002        8.2475178463620651
   1.4470260000000001        1.3360628367535130
   1.4501820000000001        1.7276024377517529E-002
   1.4533380000000000        0.0000000000000000
   1.4564940000000002        0.0000000000000000
   1.4596500000000001        0.0000000000000000
   1.4628060000000001        0.0000000000000000
   1.4659620000000000        0.0000000000000000
   1.4691180000000001        0.0000000000000000
   1.4722740000000001        0.0000000000000000
   1.4754300000000000        0.0000000000000000
   1.4785860000000000        0.0000000000000000
   1.4817419999999999        4.1369822957032266E-003
   1.4848980000000001       0.38722505872503388
   1.4880540000000000        2.5309095631116034
   1.4912100000000001        1.7482156388005023
   1.4943660000000001       0.28471669362874868
   1.4975220000000002        8.1005110935001429E-003
   1.5006780000000002        0.0000000000000000
   1.5038340000000001        0.0000000000000000
   1.5069900000000001        0.0000000000000000
   1.5101460000000000        0.0000000000000000
   1.5133020000000001        0.0000000000000000
   1.5164580000000001        0.0000000000000000
   1.5196140000000000        0.0000000000000000
   1.5227700000000000        0.0000000000000000
   1.5259260000000001        0.0000000000000000
   1.5290820000000001       0.31466781295067670
   1.5322380000000000        4.9481965502216445
   1.5353939999999999        9.8480450606663332
   1.5385499999999999        3.3536447801167917
   1.5417060000000000       0.22164284979523197
   1.5448620000000002        0.0000000000000000
   1.5480180000000001        0.0000000000000000
   1.5511740000000001        0.0000000000000000
   1.5543300000000002        0.0000000000000000
   1.5574860000000001        0.0000000000000000
   1.5606420000000001        0.0000000000000000
   1.5637980000000000        0.0000000000000000
   1.5669540000000002        0.0000000000000000
   1.5701100000000001        0.0000000000000000
   1.5732660000000001       0.16880386277816653
   1.5764220000000000        2.4378653993225896
   1.5795779999999999        5.8537309307200847
   1.5827340000000001        2.4329630949687533
   1.5858900000000000       0.13362400005068079
   1.5890460000000000        3.5971282913360983E-003
   1.5922019999999999        0.0000000000000000
   1.5953580000000003        0.0000000000000000
   1.5985140000000002        0.0000000000000000
   1.6016700000000001        0.0000000000000000
   1.6048260000000001        0.0000000000000000
   1.6079820000000000        0.0000000000000000
   1.6111380000000002        0.0000000000000000
   1.6142940000000001        3.4854881077490199E-003
   1.6174500000000001       0.92352526098856269
   1.6206060000000000        8.7082264178199882
   1.6237620000000001        12.512093025717711
   1.6269180000000001        2.8653918399315650
   1.6300740000000000        6.8366638702111349E-002
   1.6332300000000000        0.0000000000000000
   1.6363859999999999        0.0000000000000000
   1.6395420000000001        0.0000000000000000
   1.6426980000000000        0.0000000000000000
   1.6458540000000002        0.0000000000000000
   1.6490100000000001        0.0000000000000000
   1.6521660000000002        0.0000000000000000
   1.6553220000000002        0.0000000000000000
   1.6584780000000001        9.5765139543471628E-002
   1.6616340000000001        1.6514364092324345
   1.6647900000000000        4.1326159570938072
   1.6679460000000002        1.9458581002479878
   1.6711020000000001       0.11709152506040675
   1.6742580000000000        0.0000000000000000
   1.6774140000000000        0.0000000000000000
   1.6805700000000001        0.0000000000000000
   1.6837260000000001        0.0000000000000000
   1.6868820000000000        0.0000000000000000
   1.6900379999999999        0.0000000000000000
   1.6931940000000001        0.0000000000000000
   1.6963500000000002        0.0000000000000000
   1.6995060000000002       0.10063138685213266
   1.7026620000000001        3.0578896923827865
   1.7058180000000001        8.1502395024227869
   1.7089740000000002        3.5205004261118393
   1.7121300000000002       0.29436015096996310
   1.7152860000000001        6.1742725421848749E-003
   1.7184420000000000        0.0000000000000000
   1.7215980000000002        0.0000000000000000
   1.7247540000000001        0.0000000000000000
   1.7279100000000001        0.0000000000000000
   1.7310660000000000        0.0000000000000000
   1.7342219999999999        0.0000000000000000
   1.7373780000000001        0.0000000000000000
   1.7405340000000000       0.21287380151706842
   1.7436900000000000        2.2375469363142932
   1.7468459999999999        3.7088365437631277
   1.7500020000000003        1.0261902873236848
   1.7531580000000002        3.5462391653491201E-002
   1.7563140000000002        0.0000000000000000
   1.7594700000000001        0.0000000000000000
   1.7626260000000000        0.0000000000000000
   1.7657820000000002        0.0000000000000000
   1.7689380000000001        0.0000000000000000
   1.7720940000000001        0.0000000000000000
   1.7752500000000000        0.0000000000000000
   1.7784060000000002        8.3284668773813686E-002
   1.7815620000000001        2.1434276626016668
   1.7847180000000000        7.1318693679807037
   1.7878740000000000        4.0946714402993232
   1.7910299999999999       0.35960597290132584
   1.7941860000000001        2.8215904041740706E-003
   1.7973420000000000        0.0000000000000000
   1.8004980000000002        0.0000000000000000
   1.8036540000000001        0.0000000000000000
   1.8068100000000002        0.0000000000000000
   1.8099660000000002        0.0000000000000000
   1.8131220000000001        0.0000000000000000
   1.8162780000000001        1.1013471843558461E-002
   1.8194340000000000       0.21127446602020442
   1.8225900000000002        1.0773260365543342
   1.8257460000000001       0.82291528287814542
   1.8289020000000000        8.4180155796149292E-002
   1.8320580000000000        0.0000000000000000
   1.8352140000000001        0.0000000000000000
   1.8383700000000001        0.0000000000000000
   1.8415260000000000        0.0000000000000000
   1.8446819999999999        0.0000000000000000
   1.8478380000000001        0.0000000000000000
   1.8509940000000003        0.0000000000000000
   1.8541500000000002       0.10303950887279814
   1.8573060000000001        3.0543582173934518
   1.8604620000000001        11.197212996799840
   1.8636180000000002        7.1318179716602383
   1.8667740000000002       0.75065072105412756
   1.8699300000000001        7.7929064356467457E-003
   1.8730860000000000        0.0000000000000000
   1.8762420000000002        0.0000000000000000
   1.8793980000000001        0.0000000000000000
   1.8825540000000001        0.0000000000000000
   1.8857100000000000        0.0000000000000000
   1.8888659999999999        0.0000000000000000
   1.8920220000000001        9.1343793722213004E-002
   1.8951780000000000        1.6842366942709888
   1.8983340000000000        3.0674269899472670
   1.9014899999999999        1.2033066891472746
   1.9046460000000003        6.2595106135612352E-002
   1.9078020000000002        2.4955272141468890E-003
   1.9109580000000002        0.0000000000000000
   1.9141140000000001        0.0000000000000000
   1.9172700000000000        0.0000000000000000
   1.9204260000000002        0.0000000000000000
   1.9235820000000001        4.9095026417159040E-003
   1.9267380000000001        3.6700742032568852E-002
   1.9298940000000000        2.3631200077815668
   1.9330500000000002        11.533973624254337
   1.9362060000000001        8.3709325228767693
   1.9393620000000000        1.2123132911904397
   1.9425180000000000        1.9257007371146734E-002
   1.9456739999999999        0.0000000000000000
   1.9488300000000001        0.0000000000000000
   1.9519860000000000        0.0000000000000000
   1.9551420000000002        0.0000000000000000
   1.9582980000000001        0.0000000000000000
   1.9614540000000003        9.4434927533977604E-003
   1.9646100000000002       0.56008400715624951
   1.9677660000000001        4.3842096371095156
   1.9709220000000001        5.3195077076219874
   1.9740780000000000        1.0348639760329916
   1.9772340000000002        4.1820120702078113E-002
   1.9803900000000001        0.0000000000000000
   1.9835460000000000        0.0000000000000000
   1.9867020000000000        0.0000000000000000
   1.9898580000000001        0.0000000000000000
   1.9930140000000001        0.0000000000000000
   1.9961700000000000        9.1178797629596579E-003
   1.9993259999999999       0.28857945710480531
   2.0024820000000001        2.0023682112156762
   2.0056380000000003        2.5944412994630630
   2.0087940000000000       0.56272747902699349
   2.0119500000000001        2.2438537779577602E-002
   2.0151059999999998        0.0000000000000000
   2.0182620000000000        0.0000000000000000
   2.0214180000000002        0.0000000000000000
   2.0245739999999999        0.0000000000000000
   2.0277300000000000        0.0000000000000000
   2.0308860000000002        0.0000000000000000
   2.0340420000000003        0.0000000000000000
   2.0371980000000001        0.0000000000000000
   2.0403540000000002        0.0000000000000000
   2.0435099999999999        0.0000000000000000
   2.0466660000000001        0.0000000000000000
   2.0498220000000003        0.0000000000000000
   2.0529780000000000        0.0000000000000000
   2.0561340000000001        0.0000000000000000
   2.0592899999999998        0.0000000000000000
   2.0624460000000000        4.2706477029627729E-003
   2.0656020000000002       0.14050104972591493
   2.0687580000000003        3.4339032969161987
   2.0719140000000000        10.547526799896515
   2.0750700000000002        5.8135663700296814
   2.0782259999999999       0.55730026760352047
   2.0813820000000001        8.3865883804993407E-003
   2.0845380000000002        0.0000000000000000
   2.0876939999999999        0.0000000000000000
   2.0908500000000001        0.0000000000000000
   2.0940060000000003        0.0000000000000000
   2.0971620000000004        0.0000000000000000
   2.1003180000000001        6.3829363279957474E-002
   2.1034740000000003       0.41262039280696861
   2.1066300000000000       0.64266114948627906
   2.1097860000000002       0.12039380134004320
   2.1129419999999999        2.0344816461981842E-003
   2.1160980000000000        0.0000000000000000
   2.1192539999999997        0.0000000000000000
   2.1224100000000004        0.0000000000000000
   2.1255660000000001        0.0000000000000000
   2.1287220000000002        0.0000000000000000
   2.1318779999999999       0.31376455858483376
   2.1350340000000001        4.3438601262029204
   2.1381900000000003        10.094516835601652
   2.1413460000000000        4.2133033341475707
   2.1445020000000001       0.29625608423582706
   2.1476579999999998        1.9692401529381029E-003
   2.1508140000000004        0.0000000000000000
   2.1539700000000002        0.0000000000000000
   2.1571260000000003        0.0000000000000000
   2.1602820000000000        0.0000000000000000
   2.1634380000000002        9.3149657379158410E-002
   2.1665939999999999        1.5557145321124122
   2.1697500000000001        4.6786577924634569
   2.1729059999999998        2.6855452380490252
   2.1760619999999999       0.32608838055149553
   2.1792180000000001        9.5630754514314208E-003
   2.1823740000000003        0.0000000000000000
   2.1855300000000004        0.0000000000000000
   2.1886860000000001        0.0000000000000000
   2.1918420000000003        0.0000000000000000
   2.1949980000000000        5.0900780341611190E-002
   2.1981540000000002        1.3666179302916306
   2.2013099999999999        4.5848272229872178
   2.2044660000000000        2.8035827791776802
   2.2076220000000002       0.27023867965185866
   2.2107780000000004        3.7167954635013256E-003
   2.2139340000000001        1.8531031549046928E-003
   2.2170900000000002        0.0000000000000000
   2.2202459999999999        0.0000000000000000
   2.2234020000000001        0.0000000000000000
   2.2265579999999998        5.8628784326889359E-002
   2.2297140000000000        1.3026272069266283
   2.2328699999999997        3.3011119472173185
   2.2360260000000003        1.8003166289205259
   2.2391820000000004       0.15941633498398108
   2.2423380000000002        0.0000000000000000
   2.2454940000000003        0.0000000000000000
   2.2486500000000000        0.0000000000000000
   2.2518060000000002        0.0000000000000000
   2.2549619999999999        1.7862838945524985E-003
   2.2581180000000001       0.58960840601275089
   2.2612739999999998        6.0093092965914705
   2.2644300000000004        11.078195258094793
   2.2675860000000001        3.6159236128144183
   2.2707420000000003       0.18143897257619851
   2.2738980000000000        1.7566570366844183E-003
   2.2770540000000001        0.0000000000000000
   2.2802099999999998        0.0000000000000000
   2.2833660000000000        0.0000000000000000
   2.2865219999999997        1.0423880441967900E-002
   2.2896779999999999       0.35863317649444609
   2.2928340000000005        1.7882328295148742
   2.2959900000000002        1.7057844483138314
   2.2991460000000004       0.31444661869760110
   2.3023020000000001        5.1407396992088662E-003
   2.3054580000000002        0.0000000000000000
   2.3086139999999999        0.0000000000000000
   2.3117700000000001        0.0000000000000000
   2.3149259999999998        0.0000000000000000
   2.3180820000000000       0.12508437765569064
   2.3212380000000001        1.8947674259924538
   2.3243940000000003        4.3474837881285247
   2.3275500000000000        1.6782821726456518
   2.3307060000000002       0.10534028851710549
   2.3338619999999999        0.0000000000000000
   2.3370180000000000        0.0000000000000000
   2.3401740000000002        0.0000000000000000
   2.3433299999999999        0.0000000000000000
   2.3464860000000001        6.5986181894898011E-003
   2.3496420000000002       0.45737281332826846
   2.3527980000000004        1.9230353633538304
   2.3559540000000001        1.3795038131631272
   2.3591100000000003       0.20726992101631722
   2.3622660000000000        0.0000000000000000
   2.3654220000000001        0.0000000000000000
   2.3685779999999999        0.0000000000000000
   2.3717340000000000        0.0000000000000000
   2.3748900000000002        4.8312910571853187E-003
   2.3780460000000003       0.43045051990328848
   2.3812020000000000        2.8962423125443335
   2.3843580000000002        3.6586553582581098
   2.3875139999999999       0.75210606420455306
   2.3906700000000001        1.1124684992529521E-002
   2.3938260000000002        0.0000000000000000
   2.3969819999999999        0.0000000000000000
   2.4001380000000001        0.0000000000000000
   2.4032940000000003        6.2903546738111412E-003
   2.4064500000000004       0.26193391403511623
   2.4096060000000001        2.4404025673193042
   2.4127620000000003        3.7477704393155475
   2.4159180000000000        1.0566577487171587
   2.4190740000000002        5.4324868544444488E-002
   2.4222299999999999        1.5480970746475763E-003
   2.4253860000000000        0.0000000000000000
   2.4285419999999998        0.0000000000000000
   2.4316980000000004        6.1442611175515091E-003
   2.4348540000000001       0.58219261839724157
   2.4380100000000002        5.6265446167987170
   2.4411659999999999        9.3858586116260838
   2.4443220000000001        2.7136281491130676
   2.4474780000000003       0.16831171065927519
   2.4506340000000000        0.0000000000000000
   2.4537900000000001        0.0000000000000000
   2.4569459999999999        0.0000000000000000
   2.4601020000000005        3.0015993093361285E-003
   2.4632580000000002       0.13771998694219453
   2.4664140000000003        1.1676259778830702
   2.4695700000000000        1.8169630638888359
   2.4727260000000002       0.46199507744810753
   2.4758819999999999        2.5189409484176369E-002
   2.4790380000000001        0.0000000000000000
   2.4821939999999998        0.0000000000000000
   2.4853499999999999        0.0000000000000000
   2.4885060000000001        2.9334693968603668E-002
   2.4916620000000003        1.0636165927068060
   2.4948180000000004        6.9668045681273298
   2.4979740000000001        7.9506899789347738
   2.5011300000000003        1.5899026729779182
   2.5042860000000000        6.0828959875596604E-002
   2.5074420000000002        0.0000000000000000
   2.5105979999999999        0.0000000000000000
   2.5137540000000000        0.0000000000000000
   2.5169100000000002        0.0000000000000000
   2.5200660000000004        0.0000000000000000
   2.5232220000000001        0.0000000000000000
   2.5263780000000002        0.0000000000000000
   2.5295339999999999        0.0000000000000000
   2.5326900000000001        0.0000000000000000
   2.5358459999999998        0.0000000000000000
   2.5390020000000000        0.0000000000000000
   2.5421579999999997        2.8109548508653596E-003
   2.5453140000000003       0.25796693496920320
   2.5484700000000005        3.3774352930286375
   2.5516260000000002        6.9976536578154791
   2.5547820000000003        2.7220124594168276
   2.5579380000000000       0.17074737576811319
   2.5610940000000002        0.0000000000000000
   2.5642499999999999        0.0000000000000000
   2.5674060000000001        0.0000000000000000
   2.5705619999999998        9.6221213091119469E-003
   2.5737180000000004       0.26190295697744925
   2.5768740000000001        1.4266810597900526
   2.5800300000000003        1.3358636568172664
   2.5831860000000000       0.26543134611339037
   2.5863420000000001        9.5050649761707212E-003
   2.5894979999999999        2.7091171828419543E-003
   2.5926540000000000        0.0000000000000000
   2.5958099999999997        1.3479790823874437E-003
   2.5989659999999999       0.27566499447180054
   2.6021220000000005        3.5119092807486298
   2.6052780000000002        7.5795610628115453
   2.6084340000000004        3.0490556465474445
   2.6115900000000001       0.17712122326138804
   2.6147460000000002        3.9855769286991482E-003
   2.6179020000000000        0.0000000000000000
   2.6210580000000001        0.0000000000000000
   2.6242139999999998        2.1103303406086422E-002
   2.6273700000000000       0.43815797082850161
   2.6305260000000001        1.9230092974248452
   2.6336820000000003        1.4037736014802282
   2.6368380000000000       0.18680912957429524
   2.6399940000000002        1.3032360275419040E-003
   2.6431499999999999        0.0000000000000000
   2.6463060000000000        0.0000000000000000
   2.6494620000000002        3.8818148949565584E-003
   2.6526179999999999       0.38467662495381721
   2.6557740000000005        2.2665191656535209
   2.6589300000000002        2.9047964957554724
   2.6620860000000004       0.64341104540951100
   2.6652420000000001        3.0687881103184832E-002
   2.6683980000000003        0.0000000000000000
   2.6715540000000000        0.0000000000000000
   2.6747100000000001        0.0000000000000000
   2.6778659999999999       0.27865956637302108
   2.6810220000000000        2.6814739530138678
   2.6841780000000002        4.5624163706453098
   2.6873340000000003        1.5520325487244953
   2.6904900000000000        9.5362974067603148E-002
   2.6936460000000002        1.2518373904978305E-003
   2.6968019999999999        0.0000000000000000
   2.6999580000000001        0.0000000000000000
   2.7031140000000002       0.14544074735378562
   2.7062700000000000        2.2013295854342303
   2.7094260000000001        4.5718167489463797
   2.7125820000000003        1.9602601297347682
   2.7157380000000004       0.11822911931521730
   2.7188940000000001        1.2286958951721577E-003
   2.7220500000000003        0.0000000000000000
   2.7252060000000000        0.0000000000000000
   2.7283620000000002        4.6366954652262579E-002
   2.7315179999999999       0.84363397534180906
   2.7346740000000000        2.0805358346623515
   2.7378299999999998       0.89548938694225100
   2.7409860000000004        5.9239502989374249E-002
   2.7441420000000001        0.0000000000000000
   2.7472980000000002        0.0000000000000000
   2.7504540000000004        3.6019812177391229E-003
   2.7536100000000001       0.24197777015985078
   2.7567660000000003        3.8281248407117792
   2.7599220000000000        9.1483745894455630
   2.7630780000000001        3.8249313860593417
   2.7662339999999999       0.29437627980231967
   2.7693900000000005        1.1842972543982897E-003
   2.7725460000000002        0.0000000000000000
   2.7757020000000003        0.0000000000000000
   2.7788580000000001        0.0000000000000000
   2.7820140000000002        0.0000000000000000
   2.7851699999999999        0.0000000000000000
   2.7883260000000001        0.0000000000000000
   2.7914819999999998        0.0000000000000000
   2.7946380000000000        0.0000000000000000
   2.7977940000000001        0.0000000000000000
   2.8009500000000003        8.1043145784625951E-003
   2.8041060000000004       0.44473451865772529
   2.8072620000000001        3.5879153638141053
   2.8104180000000003        5.4968643928369358
   2.8135740000000000        1.5157064431641065
   2.8167300000000002       0.10188928892595649
   2.8198859999999999        1.1422623458140066E-003
   2.8230420000000001        0.0000000000000000
   2.8261980000000002        1.4783155546624321E-002
   2.8293540000000004       0.57752683571597641
   2.8325100000000001        3.3600826249765863
   2.8356660000000002        3.5627102314238579
   2.8388220000000000       0.68864254426505656
   2.8419780000000001        1.9117736091790155E-002
   2.8451339999999998        0.0000000000000000
   2.8482900000000000        0.0000000000000000
   2.8514459999999997        4.5801797078333650E-002
   2.8546020000000003        1.1759538890447723
   2.8577580000000005        4.0350167758029025
   2.8609140000000002        2.5424033259307799
   2.8640700000000003       0.27903729238744096
   2.8672260000000001        5.5242728015434698E-003
   2.8703820000000002        0.0000000000000000
   2.8735379999999999        0.0000000000000000
   2.8766940000000001       0.13061365769252201
   2.8798499999999998        1.4927431461866194
   2.8830060000000004        2.6696931056216315
   2.8861620000000001       0.96173659558973623
   2.8893180000000003        4.4608963865487600E-002
   2.8924740000000000        0.0000000000000000
   2.8956300000000001        0.0000000000000000
   2.8987859999999999        4.2156181198828503E-002
   2.9019420000000000        1.2241858950452413
   2.9050979999999997        5.7406411883377624
   2.9082539999999999        5.0559265040494852
   2.9114100000000005       0.92798321201707712
   2.9145660000000002        4.0631679518454950E-002
   2.9177220000000004        0.0000000000000000
   2.9208780000000001        0.0000000000000000
   2.9240340000000002        0.0000000000000000
   2.9271900000000000        0.0000000000000000
   2.9303460000000001        0.0000000000000000
   2.9335019999999998        0.0000000000000000
   2.9366580000000000        0.0000000000000000
   2.9398140000000001        0.0000000000000000
   2.9429700000000003        0.0000000000000000
   2.9461260000000000        5.8602259417741734E-002
   2.9492820000000002        1.5036918952892528
   2.9524379999999999        6.7813309366076924
   2.9555940000000001        5.8372974391877053
   2.9587500000000002       0.94314031408385390
   2.9619059999999999        1.7600919072413273E-002
   2.9650620000000005        0.0000000000000000
   2.9682180000000002        0.0000000000000000
   2.9713740000000004        4.5265467141714928E-002
   2.9745300000000001       0.36648860617261314
   2.9776860000000003       0.61361786101858207
   2.9808420000000000       0.20853608793035008
   2.9839980000000002        8.1605964084800215E-003
   2.9871539999999999        0.0000000000000000
   2.9903100000000000        0.0000000000000000
   2.9934660000000002        4.8654335599558778E-002
   2.9966220000000003       0.86584231398710865
   2.9997780000000001        2.4830521699578356
   3.0029340000000002        1.3607951210983233
   3.0060899999999999       0.13167287152926374
   3.0092460000000001        2.0060584408342790E-003
   3.0124020000000002        0.0000000000000000
   3.0155580000000000        7.9906771538572983E-003
   3.0187140000000001       0.45252323618618101
   3.0218700000000003        2.1773245857176504
   3.0250260000000004        1.8829469169346604
   3.0281820000000002       0.29517616523924795
   3.0313380000000003        1.9769252015010993E-003
   3.0344940000000000        0.0000000000000000
   3.0376500000000002        1.4765384588122862E-002
   3.0408059999999999       0.86345640983872829
   3.0439620000000001        6.0277469212325041
   3.0471179999999998        7.7976409498786659
   3.0502740000000004        1.8343324305273045
   3.0534300000000001        7.3065825791856248E-002
   3.0565860000000002        0.0000000000000000
   3.0597420000000004        1.9403914398676231E-003
   3.0628980000000001       0.13457943543672346
   3.0660540000000003        1.3140390750911006
   3.0692100000000000        2.4751506085405839
   3.0723660000000002       0.72456615841712457
   3.0755219999999999        2.5927166631266325E-002
   3.0786780000000005        0.0000000000000000
   3.0818340000000002        9.5633596034333458E-004
   3.0849900000000003       0.19564795407186064
   3.0881460000000001        2.2925003582226466
   3.0913020000000002        4.6811476129479992
   3.0944579999999999        1.9037379111253301
   3.0976140000000001       0.14104595726506172
   3.1007699999999998        1.8893823752030926E-003
   3.1039260000000000        1.8855421684467919E-003
   3.1070820000000001        8.3736257769710901E-002
   3.1102380000000003       0.92016942987005712
   3.1133940000000004        2.4831712838210476
   3.1165500000000002       0.97442516875031437
   3.1197060000000003        7.8393656465453890E-002
   3.1228620000000000        9.3137244638342857E-004
   3.1260180000000002        9.2949278517264714E-004
   3.1291739999999999        7.3281885865069507E-002
   3.1323300000000001       0.92575049322319047
   3.1354860000000002        2.3134150932759514
   3.1386420000000004        1.0704777082861467
   3.1417980000000001        9.3858287552594441E-002
   3.1449540000000002        9.1833339408267916E-004
   3.1481100000000000        0.0000000000000000
   3.1512660000000001        5.1220860707193734E-002
   3.1544219999999998       0.58055918744098289
   3.1575780000000000       0.68689782857819337
